POLYGON ((0.0 0.0, 10.0 10.0, 20.0 0.0, 0.0 0.0))
POLYGON ((1.0 6.0, 3.0 9.0, 5.0 7.0, 1.0 6.0))

POLYGON ((0.0 0.0, 10.0 10.0, 20.0 0.0, 0.0 0.0))
POLYGON ((4.0 4.0, 6.0 7.0, 8.0 5.0, 4.0 4.0))

POLYGON ((0.0 0.0, 10.0 10.0, 20.0 0.0, 0.0 0.0))
POLYGON ((8.0 3.0, 10.0 6.0, 12.0 4.0, 8.0 3.0))

POLYGON ((0.0 0.0, 10.0 10.0, 20.0 0.0, 0.0 0.0))
POLYGON ((8.0 -4.0, 10.0 -1.0, 12.0 -3.0, 8.0 -4.0))

POLYGON ((0.0 0.0, 10.0 10.0, 20.0 0.0, 0.0 0.0))
POLYGON ((8.0 -2.0, 10.0 1.0, 12.0 -1.0, 8.0 -2.0))

POLYGON ((0.0 0.0, 10.0 10.0, 20.0 0.0, 0.0 0.0))
POLYGON ((18.0 -2.0, 20.0 1.0, 22.0 -1.0, 18.0 -2.0))

POLYGON ((0.0 0.0, 10.0 10.0, 15.0 5.0, 20.0 0.0, 0.0 0.0))
POLYGON ((15.0 7.0, 13.0 4.0, 17.0 4.0, 15.0 7.0))